20114 0.3533771 1 1
20115 0.3337298 1 1
20118 0.3587991 1 1
20119 0.3545142 1 1
20120 0.3903908 1 1
20121 0.5515812 1 1
20124 0.3760627 1 1
20125 0.3997011 1 1
20126 0.3832038 1 1
20129 0.402373 1 1
20132 0.3688336 1 1
20133 0.4251404 1 1
20154 0.9429937 1 1
20155 0.9859704 1 1
20156 0.8617833 1 1
20157 0.9443051 1 1
20158 0.9579861 1 1
20159 0.9792726 1 1
20160 1.004039 1 1
20161 1.005859 1 1
20162 0.9861271 1 1
20163 0.9659862 1 1
20169 1.063768 1 1
20170 1.043483 1 1
20171 1.028159 1 1
20173 0.9663275 1 1
20174 1.006175 1 1
20175 1.024382 1 1
20181 0.9792596 1 1
20182 0.9703817 1 1
20183 1.047921 1 1
20184 1.050004 1 1
20185 1.023734 1 1
20186 1.035347 1 1
20187 1.030153 1 1
20188 1.014401 1 1
20194 1.033643 1 1
20195 1.067668 1 1
20196 1.18017 1 1
20197 1.129446 1 1
20198 1.04975 1 1
20199 1.05874 1 1
20201 0.9296313 1 1
20202 1.039276 1 1
20203 0.9501626 1 1
20209 0.9995581 1 1
20210 0.975316 1 1
20213 1.015721 1 1
20214 0.9778009 1 1
20215 1.015974 1 1
20216 1.031393 1 1
20217 0.9228792 1 1
20218 0.9943408 1 1
20219 0.9684616 1 1
20220 0.8328511 1 1
20221 0.9859297 1 1
20223 0.9769838 1 1
20224 0.9674586 1 1
20225 1.048234 1 1
20226 0.9668884 1 1
20228 0.9898844 1 1
20229 1.004971 1 1
20230 1.142632 1 1
20231 1.055258 1 1
20232 0.9880224 1 1
20233 0.9686345 1 1
20234 1.015918 1 1
20235 1.044353 1 1
20236 0.9664743 1 1
20237 1.003696 1 1
20238 1.028653 1 1
20254 0.9513264 1 1
20255 0.9850072 1 1
20256 1.039025 1 1
20268 0.9684438 1 1
20269 0.9887199 1 1
20279 1.054569 1 1
20280 0.9890295 1 1
20281 1.009162 1 1
20282 1.02757 1 1
20283 1.027637 1 1
20284 0.9998575 1 1
20285 1.010621 1 1
20286 0.9900143 1 1
20287 0.9849645 1 1
20288 1.006975 1 1
20289 1.006814 1 1
20291 0.9633823 1 1
20296 1.860438 1 1
20297 1.023167 1 1
20298 0.9874845 1 1
20300 0.9702598 1 1
20301 0.9569283 1 1
20302 1.044188 1 1
20303 1.096273 1 1
20304 0.9515147 1 1
20305 1.299962 1 1
20306 1.0623 1 1
20307 1.0497 1 1
20308 1.160379 1 1
20309 1.054654 1 1
20310 1.036143 1 1
20311 1.04594 1 1
20312 1.051142 1 1
20313 1.215596 1 1
20314 1.084676 1 1
20315 1.226834 1 1
20316 1.016827 1 1
20318 1.035283 1 1
20320 1.089275 1 1
20321 1.248266 1 1
20322 1.015052 1 1
20324 1.110708 1 1
20332 1.09134 1 1
20333 1.06855 1 1
20334 1.024088 1 1
20335 1.047214 1 1
20337 1.038844 1 1
20338 1.042686 1 1
20339 1.103428 1 1
20340 1.059461 1 1
20341 1.199075 1 1
20344 1.067763 1 1
20345 1.056695 1 1
20346 1.045863 1 1
20347 1.189816 1 1
20348 1.120843 1 1
20349 0.9071692 1 1
20350 1.024767 1 1
20351 1.045396 1 1
20352 1.035306 1 1
20355 1.053036 1 1
20356 1.180591 1 1
20357 1.021326 1 1
20358 1.041295 1 1
20359 1.137633 1 1
20360 1.040413 1 1
20361 1.079655 1 1
20362 1.114995 1 1
20363 1.029165 1 1
20364 1.047888 1 1
20365 1.067595 1 1
20366 1.105694 1 1
20367 0.9979693 1 1
20370 1.026216 1 1
20371 1.051654 1 1
20387 1.087099 1 1
20388 1.020213 1 1
20389 1.067355 1 1
20395 0.971809 1 1
20404 1.084783 1 1
20410 1.013544 1 1
20411 1.060594 1 1
20412 0.9720501 1 1
20413 0.9749397 1 1
20414 1.189344 1 1
20415 1.011309 1 1
20416 0.9813914 1 1
20417 1.034933 1 1
20418 1.049002 1 1
20419 0.9951782 1 1
20420 1.008675 1 1
20421 0.9894013 1 1
20422 1.065237 1 1
20423 0.9895226 1 1
20424 0.9385259 1 1
20438 0.9779821 1 1
20439 0.9228267 1 1
20440 0.9829531 1 1
20441 1.057746 1 1
20442 1.054861 1 1
20443 0.9395348 1 1
20444 0.967414 1 1
20445 0.9973528 1 1
20446 0.9643869 1 1
20447 0.9795458 1 1
20448 0.9644208 1 1
20449 0.9551948 1 1
20450 0.9491849 1 1
20451 1.017293 1 1
20452 0.9857317 1 1
20453 0.9930767 1 1
20459 1.01764 1 1
20460 0.9372232 1 1
20461 0.9613157 1 1
20462 0.9289297 1 1
20463 0.9796793 1 1
20464 1.013463 1 1
20468 0.9756299 1 1
20469 0.9717315 1 1
20470 0.9796628 1 1
20471 0.9652466 1 1
20472 0.9923669 1 1
20474 1.052173 1 1
20475 0.9192432 1 1
20476 0.9517372 1 1
20477 1.011775 1 1
20478 0.9790166 1 1
20482 0.9542094 1 1
20484 0.9541451 1 1
20485 1.021478 1 1
20487 1.02397 1 1
20488 0.9019567 1 1
20494 0.9754345 1 1
20495 0.9476767 1 1
20496 1.049267 1 1
20497 1.013811 1 1
20498 0.9698278 1 1
20499 0.9577983 1 1
20500 0.9644572 1 1
20501 0.9531252 1 1
20515 1.089707 1 1
20516 0.9280573 1 1
20517 0.9592074 1 1
20518 0.9469424 1 1
20519 0.9782847 1 1
20520 1.170184 1 1
20521 1.242339 1 1
20525 0.9614449 1 1
20530 0.9791299 1 1
20531 1.460759 1 1
