20114 18.1134 13096 723
20115 20.0458 6996 349
20118 19.5978 17932 915
20119 18.9944 23572 1241
20120 19.0503 40501 2126
20121 18.7714 657 35
20124 18.7977 6504 346
20125 18.7541 9152 488
20126 18.6009 16127 867
20129 18.7506 7369 393
20132 18.4559 55829 3025
20133 18.2941 38692 2115
20154 7.41107 4417 596
20155 7.20404 6779 941
20156 7.34171 1461 199
20157 7.27212 23758 3267
20158 7.09485 34034 4797
20159 7.27072 9212 1267
20160 7.13397 40949 5740
20161 7.01925 32822 4676
20162 6.77372 21913 3235
20163 7.10803 25397 3573
20169 6.96496 42535 6107
20170 7.40076 3915 529
20171 6.86474 22331 3253
20173 7.04414 11489 1631
20174 6.74386 21958 3256
20175 6.71484 12174 1813
20181 6.3861 1654 259
20182 6.90683 36993 5356
20183 6.37192 2587 406
20184 6.98375 9023 1292
20185 6.76945 35675 5270
20186 6.80966 34273 5033
20187 6.59173 3665 556
20188 6.80999 37237 5468
20194 6.64134 36275 5462
20195 6.49935 34999 5385
20196 6.57731 33860 5148
20197 6.65774 17410 2615
20198 6.88554 34290 4980
20199 6.94318 2444 352
20201 6.86735 2692 392
20202 6.96687 35329 5071
20203 7.26018 13366 1841
20209 6.943 25821 3719
20210 6.98891 12608 1804
20213 6.99811 48161 6882
20214 6.90597 46491 6732
20215 6.9836 11069 1585
20216 6.41895 2574 401
20217 7.86129 48968 6229
20218 7.15843 5648 789
20219 7.29604 51780 7097
20220 5.27273 174 33
20221 7.20199 37652 5228
20223 7.08408 51395 7255
20224 7.15261 38152 5334
20225 7.21385 52185 7234
20226 7.19957 43219 6003
20228 7.03989 46238 6568
20229 6.94078 50043 7210
20230 6.90952 52312 7571
20231 6.49411 8819 1358
20232 7.04023 52675 7482
20233 7.06366 53705 7603
20234 7.05832 49260 6979
20235 6.97569 52799 7569
20236 7.09526 53775 7579
20237 7.00147 42737 6104
20238 6.95559 49336 7093
20254 6.67834 6291 942
20255 6.99701 49063 7012
20256 6.73961 12812 1901
20268 7.00317 15449 2206
20269 6.97537 42766 6131
20279 7.00726 47313 6752
20280 7.10879 23523 3309
20281 6.8451 50202 7334
20282 6.81585 50301 7380
20283 6.74534 43386 6432
20284 6.83739 43520 6365
20285 6.93273 25353 3657
20286 6.83793 56030 8194
20287 6.91014 55751 8068
20288 6.87765 55537 8075
20289 6.61739 3044 460
20291 6.80447 3654 537
20296 6.92965 11919 1720
20297 6.49497 3871 596
20298 6.9398 7724 1113
20300 7.12489 8158 1145
20301 7.06904 6758 956
20302 6.68212 5045 755
20303 6.44685 17284 2681
20304 6.64159 1501 226
20305 7.07377 863 122
20306 6.86985 25020 3642
20307 6.58401 50236 7630
20308 6.49871 17579 2705
20309 6.54362 51459 7864
20310 6.66239 17149 2574
20311 6.7538 52835 7823
20312 6.56908 49971 7607
20313 6.59614 50909 7718
20314 6.71343 47088 7014
20315 6.64703 13992 2105
20316 6.74336 34553 5124
20318 6.77994 8380 1236
20320 6.55404 16313 2489
20321 6.72581 51782 7699
20322 6.72938 36231 5384
20324 6.46137 2927 453
20332 6.26048 11056 1766
20333 6.5142 68790 10560
20334 6.5874 74991 11384
20335 6.6781 73419 10994
20337 6.62178 32599 4923
20338 6.59915 79038 11977
20339 6.74001 35749 5304
20340 6.68112 14331 2145
20341 6.69915 30662 4577
20344 6.38272 4653 729
20345 6.45396 11004 1705
20346 6.00532 2258 376
20347 6.39716 1804 282
20348 6.52756 71405 10939
20349 6.87383 1471 214
20350 6.75669 74952 11093
20351 6.51226 28426 4365
20352 6.57803 30726 4671
20355 6.73525 36074 5356
20356 6.43029 39109 6082
20357 6.63353 25559 3853
20358 6.57981 24898 3784
20359 6.53869 44110 6746
20360 6.74832 66471 9850
20361 6.56887 71581 10897
20362 6.38971 72012 11270
20363 6.73808 30099 4467
20364 6.55231 73150 11164
20365 6.44099 30672 4762
20366 6.52977 54060 8279
20367 6.83016 4303 630
20370 6.52137 49582 7603
20371 6.54633 31789 4856
20387 6.69617 74602 11141
20388 6.66906 21401 3209
20389 6.82238 14634 2145
20395 6.56906 7134 1086
20404 6.55351 80215 12240
20410 6.8654 6529 951
20411 6.79167 3097 456
20412 7.04219 165738 23535
20413 7.10876 44970 6326
20414 6.99196 46944 6714
20415 7.06821 91604 12960
20416 7.14035 78908 11051
20417 7.00571 187641 26784
20418 6.97283 178888 25655
20419 7.0118 185960 26521
20420 6.99064 187419 26810
20421 6.9336 177625 25618
20422 7.01924 187175 26666
20423 7.10211 188000 26471
20424 7.15254 21100 2950
20438 7.29085 178633 24501
20439 7.32309 29783 4067
20440 7.36788 182915 24826
20441 7.21262 195260 27072
20442 7.2185 190554 26398
20443 7.25388 66888 9221
20444 7.25343 197540 27234
20445 7.36814 199883 27128
20446 7.28874 198057 27173
20447 7.3734 167789 22756
20448 7.25119 198639 27394
20449 7.36862 192520 26127
20450 7.4382 48326 6497
20451 7.24409 130524 18018
20452 7.2164 181276 25120
20453 7.14931 23750 3322
20459 7.28906 163326 22407
20460 7.35477 163651 22251
20461 7.37312 117476 15933
20462 7.71151 9917 1286
20463 7.33739 131486 17920
20464 7.46101 22965 3078
20468 7.36407 57101 7754
20469 7.33523 192007 26176
20470 7.28384 182380 25039
20471 7.38386 184722 25017
20472 7.05787 67805 9607
20474 7.54771 190942 25298
20475 7.56493 58371 7716
20476 7.39716 184034 24879
20477 7.34153 130202 17735
20478 7.4604 194791 26110
20482 7.49263 44746 5972
20484 7.33675 182575 24885
20485 7.33896 57376 7818
20487 7.44092 39861 5357
20488 7.56266 2957 391
20494 7.46531 159989 21431
20495 7.44866 38517 5171
20496 7.49434 71556 9548
20497 7.48525 125056 16707
20498 7.43487 45033 6057
20499 7.43401 82852 11145
20500 7.20013 57205 7945
20501 7.53767 15309 2031
20515 7.53463 73749 9788
20516 7.50285 13160 1754
20517 7.38819 148739 20132
20518 7.22367 31004 4292
20519 7.30716 72034 9858
20520 7.3845 137433 18611
20521 7.38745 27075 3665
20525 7.43311 15669 2108
20530 7.45463 140147 18800
20531 7.26794 28454 3915
20613 0 0 5464
20614 0 0 25787
20615 0 0 17809
20616 0 0 1146
20617 0 0 25088
20618 0 0 24861
20619 0 0 27250
20620 0 0 2112
20624 0 0 6212
20625 0 0 494
20626 0 0 2260
20627 0 0 20847
20640 0 0 5458
20641 0 0 1233
20642 0 0 969
20694 0 0 20346
20695 0 0 18572
